[gd_scene load_steps=5 format=3 uid="uid://chhsye87y2qn1"]

[ext_resource type="Material" path="res://materials/missile_black.tres" id="1_egfjx"]
[ext_resource type="Material" path="res://materials/missile_red.tres" id="2_ug1o0"]

[sub_resource type="CylinderMesh" id="CylinderMesh_u0r5p"]
top_radius = 0.0
bottom_radius = 0.18
height = 0.3

[sub_resource type="CylinderMesh" id="CylinderMesh_a2dmp"]
top_radius = 0.1
bottom_radius = 0.1
height = 0.1

[node name="MissileModel" type="Node3D"]
transform = Transform3D(-5, 0, -4.37114e-07, 0, 5, 0, 4.37114e-07, 0, -5, 0, 0, 0)

[node name="CSGSphere3D" type="CSGSphere3D" parent="."]
transform = Transform3D(0.5, 0, 0, 0, 0.5, 0, 0, 0, 1, 0, 0, 0)
material = ExtResource("1_egfjx")

[node name="CSGBox3D" type="CSGBox3D" parent="."]
transform = Transform3D(1, 0, 0, 0, 1, 0, 0, 0, 1, 0, 0, -0.365888)
material_override = ExtResource("2_ug1o0")
size = Vector3(0.3, 0.3, 0.3)

[node name="Wings" type="Node3D" parent="."]
transform = Transform3D(1, 0, 0, 0, 1, 0, 0, 0, 1, 0, 0, -0.35)

[node name="Wing1" type="Node3D" parent="Wings"]
transform = Transform3D(-2.18557e-08, -1, 1.89276e-08, 0.5, -4.37114e-08, -0.433013, 0.866025, 0, 0.25, 1.09278e-08, -0.25, 0)

[node name="CSGBox3D" type="CSGBox3D" parent="Wings/Wing1"]
transform = Transform3D(0.707107, 0, 0.707107, 0, 1, 0, -0.707107, 0, 0.707107, 0, 0, 0)
size = Vector3(0.3, 0.05, 0.3)

[node name="Wing2" type="Node3D" parent="Wings"]
transform = Transform3D(0.5, 0, -0.433013, 0, 1, 0, 0.866025, 0, 0.25, -0.25, 0, 0)

[node name="CSGBox3D" type="CSGBox3D" parent="Wings/Wing2"]
transform = Transform3D(0.707107, 0, 0.707107, 0, 1, 0, -0.707107, 0, 0.707107, 0, 0, 0)
size = Vector3(0.3, 0.05, 0.3)

[node name="Wing3" type="Node3D" parent="Wings"]
transform = Transform3D(-0.5, -3.17865e-08, 0.433013, 1.58933e-08, -1, -1.3764e-08, 0.866025, 0, 0.25, 0.25, -7.94663e-09, 0)

[node name="CSGBox3D" type="CSGBox3D" parent="Wings/Wing3"]
transform = Transform3D(0.707107, 0, 0.707107, 0, 1, 0, -0.707107, 0, 0.707107, 0, 0, 0)
size = Vector3(0.3, 0.05, 0.3)

[node name="Wing4" type="Node3D" parent="Wings"]
transform = Transform3D(3.77489e-08, 1, -3.26915e-08, -0.5, 7.54979e-08, 0.433013, 0.866025, 0, 0.25, -1.88745e-08, 0.25, 0)

[node name="CSGBox3D" type="CSGBox3D" parent="Wings/Wing4"]
transform = Transform3D(0.707107, 0, 0.707107, 0, 1, 0, -0.707107, 0, 0.707107, 0, 0, 0)
size = Vector3(0.3, 0.05, 0.3)

[node name="Cone" type="MeshInstance3D" parent="."]
transform = Transform3D(1, 0, 0, 0, -4.37114e-08, -1, 0, 1, -4.37114e-08, 0, 0, 0.5)
material_override = ExtResource("2_ug1o0")
mesh = SubResource("CylinderMesh_u0r5p")
skeleton = NodePath("../..")

[node name="Cylander" type="MeshInstance3D" parent="."]
transform = Transform3D(1, 0, 0, 0, -4.37114e-08, -1, 0, 1, -4.37114e-08, 0, 0, -0.5)
material_override = ExtResource("1_egfjx")
mesh = SubResource("CylinderMesh_a2dmp")
skeleton = NodePath("../..")
